Dynamical matrix file
this is a comment line                                                     
  1    2  2  6.6640700  0.0000000  0.0000000  0.0000000  0.0000000  0.0000000
           1  'C   '    10947.083358978085     
    1    1      0.0000000000      0.0000000000      0.0000000000
    2    1     -0.2500000000      0.2500000000      0.2500000000

     Dynamical  Matrix in cartesian axes

     q = (   -0.250000000   0.250000000  -0.250000000 ) 

    1    1
  0.89608792 -0.00000000   -0.07480421  0.00000000    0.07480421 -0.00000000
 -0.07480421  0.00000000    0.89608792 -0.00000000   -0.07480421  0.00000000
  0.07480421 -0.00000000   -0.07480421  0.00000000    0.89608792 -0.00000000
    1    2
 -0.60798011  0.18186342   -0.04148007 -0.04278635    0.04148007  0.04278635
 -0.04148007 -0.04278635   -0.60798011  0.18186342   -0.04148007 -0.04278635
  0.04148007  0.04278635   -0.04148007 -0.04278635   -0.60798011  0.18186342
    2    1
 -0.60798011 -0.18186342   -0.04148007  0.04278635    0.04148007 -0.04278635
 -0.04148007  0.04278635   -0.60798011 -0.18186342   -0.04148007  0.04278635
  0.04148007 -0.04278635   -0.04148007  0.04278635   -0.60798011 -0.18186342
    2    2
  0.89608792  0.00000000   -0.07480421 -0.00000000    0.07480421  0.00000000
 -0.07480421 -0.00000000    0.89608792  0.00000000   -0.07480421 -0.00000000
  0.07480421  0.00000000   -0.07480421 -0.00000000    0.89608792  0.00000000

     Dynamical  Matrix in cartesian axes

     q = (    0.250000000  -0.250000000  -0.250000000 ) 

    1    1
  0.89608792 -0.00000000   -0.07480421  0.00000000   -0.07480421  0.00000000
 -0.07480421  0.00000000    0.89608792 -0.00000000    0.07480421 -0.00000000
 -0.07480421  0.00000000    0.07480421 -0.00000000    0.89608792 -0.00000000
    1    2
 -0.18186342 -0.60798011    0.04278635 -0.04148007    0.04278635 -0.04148007
  0.04278635 -0.04148007   -0.18186342 -0.60798011   -0.04278635  0.04148007
  0.04278635 -0.04148007   -0.04278635  0.04148007   -0.18186342 -0.60798011
    2    1
 -0.18186342  0.60798011    0.04278635  0.04148007    0.04278635  0.04148007
  0.04278635  0.04148007   -0.18186342  0.60798011   -0.04278635 -0.04148007
  0.04278635  0.04148007   -0.04278635 -0.04148007   -0.18186342  0.60798011
    2    2
  0.89608792  0.00000000   -0.07480421 -0.00000000   -0.07480421 -0.00000000
 -0.07480421 -0.00000000    0.89608792  0.00000000    0.07480421  0.00000000
 -0.07480421 -0.00000000    0.07480421  0.00000000    0.89608792  0.00000000

     Dynamical  Matrix in cartesian axes

     q = (    0.250000000  -0.250000000   0.250000000 ) 

    1    1
  0.89608792  0.00000000   -0.07480421 -0.00000000    0.07480421  0.00000000
 -0.07480421 -0.00000000    0.89608792  0.00000000   -0.07480421 -0.00000000
  0.07480421  0.00000000   -0.07480421 -0.00000000    0.89608792  0.00000000
    1    2
 -0.60798011 -0.18186342   -0.04148007  0.04278635    0.04148007 -0.04278635
 -0.04148007  0.04278635   -0.60798011 -0.18186342   -0.04148007  0.04278635
  0.04148007 -0.04278635   -0.04148007  0.04278635   -0.60798011 -0.18186342
    2    1
 -0.60798011  0.18186342   -0.04148007 -0.04278635    0.04148007  0.04278635
 -0.04148007 -0.04278635   -0.60798011  0.18186342   -0.04148007 -0.04278635
  0.04148007  0.04278635   -0.04148007 -0.04278635   -0.60798011  0.18186342
    2    2
  0.89608792 -0.00000000   -0.07480421  0.00000000    0.07480421 -0.00000000
 -0.07480421  0.00000000    0.89608792 -0.00000000   -0.07480421  0.00000000
  0.07480421 -0.00000000   -0.07480421  0.00000000    0.89608792 -0.00000000

     Dynamical  Matrix in cartesian axes

     q = (    0.250000000   0.250000000   0.250000000 ) 

    1    1
  0.89608792 -0.00000000    0.07480421 -0.00000000    0.07480421 -0.00000000
  0.07480421 -0.00000000    0.89608792 -0.00000000    0.07480421 -0.00000000
  0.07480421 -0.00000000    0.07480421 -0.00000000    0.89608792 -0.00000000
    1    2
 -0.60798011  0.18186342    0.04148007  0.04278635    0.04148007  0.04278635
  0.04148007  0.04278635   -0.60798011  0.18186342    0.04148007  0.04278635
  0.04148007  0.04278635    0.04148007  0.04278635   -0.60798011  0.18186342
    2    1
 -0.60798011 -0.18186342    0.04148007 -0.04278635    0.04148007 -0.04278635
  0.04148007 -0.04278635   -0.60798011 -0.18186342    0.04148007 -0.04278635
  0.04148007 -0.04278635    0.04148007 -0.04278635   -0.60798011 -0.18186342
    2    2
  0.89608792  0.00000000    0.07480421  0.00000000    0.07480421  0.00000000
  0.07480421  0.00000000    0.89608792  0.00000000    0.07480421  0.00000000
  0.07480421  0.00000000    0.07480421  0.00000000    0.89608792  0.00000000

     Dynamical  Matrix in cartesian axes

     q = (   -0.250000000  -0.250000000  -0.250000000 ) 

    1    1
  0.89608792  0.00000000    0.07480421  0.00000000    0.07480421  0.00000000
  0.07480421  0.00000000    0.89608792  0.00000000    0.07480421  0.00000000
  0.07480421  0.00000000    0.07480421  0.00000000    0.89608792  0.00000000
    1    2
 -0.60798011 -0.18186342    0.04148007 -0.04278635    0.04148007 -0.04278635
  0.04148007 -0.04278635   -0.60798011 -0.18186342    0.04148007 -0.04278635
  0.04148007 -0.04278635    0.04148007 -0.04278635   -0.60798011 -0.18186342
    2    1
 -0.60798011  0.18186342    0.04148007  0.04278635    0.04148007  0.04278635
  0.04148007  0.04278635   -0.60798011  0.18186342    0.04148007  0.04278635
  0.04148007  0.04278635    0.04148007  0.04278635   -0.60798011  0.18186342
    2    2
  0.89608792 -0.00000000    0.07480421 -0.00000000    0.07480421 -0.00000000
  0.07480421 -0.00000000    0.89608792 -0.00000000    0.07480421 -0.00000000
  0.07480421 -0.00000000    0.07480421 -0.00000000    0.89608792 -0.00000000

     Dynamical  Matrix in cartesian axes

     q = (   -0.250000000  -0.250000000   0.250000000 ) 

    1    1
  0.89608792 -0.00000000    0.07480421 -0.00000000   -0.07480421  0.00000000
  0.07480421 -0.00000000    0.89608792 -0.00000000   -0.07480421  0.00000000
 -0.07480421  0.00000000   -0.07480421  0.00000000    0.89608792 -0.00000000
    1    2
 -0.60798011  0.18186342    0.04148007  0.04278635   -0.04148007 -0.04278635
  0.04148007  0.04278635   -0.60798011  0.18186342   -0.04148007 -0.04278635
 -0.04148007 -0.04278635   -0.04148007 -0.04278635   -0.60798011  0.18186342
    2    1
 -0.60798011 -0.18186342    0.04148007 -0.04278635   -0.04148007  0.04278635
  0.04148007 -0.04278635   -0.60798011 -0.18186342   -0.04148007  0.04278635
 -0.04148007  0.04278635   -0.04148007  0.04278635   -0.60798011 -0.18186342
    2    2
  0.89608792  0.00000000    0.07480421  0.00000000   -0.07480421 -0.00000000
  0.07480421  0.00000000    0.89608792  0.00000000   -0.07480421 -0.00000000
 -0.07480421 -0.00000000   -0.07480421 -0.00000000    0.89608792  0.00000000

     Dynamical  Matrix in cartesian axes

     q = (   -0.250000000   0.250000000   0.250000000 ) 

    1    1
  0.89608792  0.00000000   -0.07480421 -0.00000000   -0.07480421 -0.00000000
 -0.07480421 -0.00000000    0.89608792  0.00000000    0.07480421  0.00000000
 -0.07480421 -0.00000000    0.07480421  0.00000000    0.89608792  0.00000000
    1    2
 -0.18186342  0.60798011    0.04278635  0.04148007    0.04278635  0.04148007
  0.04278635  0.04148007   -0.18186342  0.60798011   -0.04278635 -0.04148007
  0.04278635  0.04148007   -0.04278635 -0.04148007   -0.18186342  0.60798011
    2    1
 -0.18186342 -0.60798011    0.04278635 -0.04148007    0.04278635 -0.04148007
  0.04278635 -0.04148007   -0.18186342 -0.60798011   -0.04278635  0.04148007
  0.04278635 -0.04148007   -0.04278635  0.04148007   -0.18186342 -0.60798011
    2    2
  0.89608792 -0.00000000   -0.07480421  0.00000000   -0.07480421  0.00000000
 -0.07480421  0.00000000    0.89608792 -0.00000000    0.07480421 -0.00000000
 -0.07480421  0.00000000    0.07480421 -0.00000000    0.89608792 -0.00000000

     Dynamical  Matrix in cartesian axes

     q = (    0.250000000   0.250000000  -0.250000000 ) 

    1    1
  0.89608792  0.00000000    0.07480421  0.00000000   -0.07480421 -0.00000000
  0.07480421  0.00000000    0.89608792  0.00000000   -0.07480421 -0.00000000
 -0.07480421 -0.00000000   -0.07480421 -0.00000000    0.89608792  0.00000000
    1    2
 -0.60798011 -0.18186342    0.04148007 -0.04278635   -0.04148007  0.04278635
  0.04148007 -0.04278635   -0.60798011 -0.18186342   -0.04148007  0.04278635
 -0.04148007  0.04278635   -0.04148007  0.04278635   -0.60798011 -0.18186342
    2    1
 -0.60798011  0.18186342    0.04148007  0.04278635   -0.04148007 -0.04278635
  0.04148007  0.04278635   -0.60798011  0.18186342   -0.04148007 -0.04278635
 -0.04148007 -0.04278635   -0.04148007 -0.04278635   -0.60798011  0.18186342
    2    2
  0.89608792 -0.00000000    0.07480421 -0.00000000   -0.07480421  0.00000000
  0.07480421 -0.00000000    0.89608792 -0.00000000   -0.07480421  0.00000000
 -0.07480421  0.00000000   -0.07480421  0.00000000    0.89608792 -0.00000000

     Diagonalizing the dynamical matrix

     q = (   -0.250000000   0.250000000  -0.250000000 ) 

 **************************************************************************
     freq (    1) =      12.462722 [THz] =     415.711674 [cm-1]
 (  0.554510 -0.157737  0.291940 -0.101509 -0.262570  0.056227 ) 
 (  0.575246 -0.038128  0.306724 -0.038128 -0.268522  0.000000 ) 
     freq (    2) =      12.462722 [THz] =     415.711674 [cm-1]
 (  0.027535  0.014589 -0.472240  0.121612 -0.499775  0.107023 ) 
 (  0.023870  0.020032 -0.487236  0.020032 -0.511106  0.000000 ) 
     freq (    3) =      21.244175 [THz] =     708.629402 [cm-1]
 (  0.363773 -0.185300 -0.363773  0.185300  0.363773 -0.185300 ) 
 (  0.408248  0.000000 -0.408248 -0.000000  0.408248  0.000000 ) 
     freq (    4) =      38.322823 [THz] =    1278.311776 [cm-1]
 ( -0.281317  0.059515  0.283232 -0.061379  0.564549 -0.120894 ) 
 (  0.287542  0.000711 -0.289806  0.000711 -0.577348  0.000000 ) 
     freq (    5) =      38.322823 [THz] =    1278.311776 [cm-1]
 (  0.359088 -0.348867  0.357579 -0.348544 -0.001509  0.000323 ) 
 ( -0.424179  0.265942 -0.422635  0.265942  0.001543  0.000000 ) 
     freq (    6) =      40.204274 [THz] =    1341.070216 [cm-1]
 (  0.363773 -0.185300 -0.363773  0.185300  0.363773 -0.185300 ) 
 ( -0.408248 -0.000000  0.408248  0.000000 -0.408248  0.000000 ) 
 **************************************************************************
