Dynamical matrix file
this is a comment line                                                     
  1    2  2  6.6640700  0.0000000  0.0000000  0.0000000  0.0000000  0.0000000
           1  'C   '    10947.083358978085     
    1    1      0.0000000000      0.0000000000      0.0000000000
    2    1     -0.2500000000      0.2500000000      0.2500000000

     Dynamical  Matrix in cartesian axes

     q = (    0.750000000  -0.250000000   0.750000000 ) 

    1    1
  0.90638843  0.00000000   -0.06409262 -0.06338168    0.07172083  0.00000000
 -0.06409262  0.06338168    1.15836398  0.00000000   -0.06409262  0.06338168
  0.07172083  0.00000000   -0.06409262 -0.06338168    0.90638843  0.00000000
    1    2
 -0.20166745  0.19138305   -0.05646072  0.03283507    0.16771661  0.03889912
 -0.05646072  0.03283507   -0.22984927  0.18863310   -0.05646072  0.03283507
  0.16771661  0.03889912   -0.05646072  0.03283507   -0.20166745  0.19138305
    2    1
 -0.20166745 -0.19138305   -0.05646072 -0.03283507    0.16771661 -0.03889912
 -0.05646072 -0.03283507   -0.22984927 -0.18863310   -0.05646072 -0.03283507
  0.16771661 -0.03889912   -0.05646072 -0.03283507   -0.20166745 -0.19138305
    2    2
  0.90638843  0.00000000   -0.06409262  0.06338168    0.07172083  0.00000000
 -0.06409262 -0.06338168    1.15836398  0.00000000   -0.06409262 -0.06338168
  0.07172083  0.00000000   -0.06409262  0.06338168    0.90638843  0.00000000

     Dynamical  Matrix in cartesian axes

     q = (    0.750000000  -0.250000000  -0.750000000 ) 

    1    1
  0.90638843  0.00000000   -0.06409262  0.06338168   -0.07172083  0.00000000
 -0.06409262 -0.06338168    1.15836398  0.00000000    0.06409262  0.06338168
 -0.07172083  0.00000000    0.06409262 -0.06338168    0.90638843  0.00000000
    1    2
  0.20166745  0.19138305    0.05646072  0.03283507    0.16771661 -0.03889912
  0.05646072  0.03283507    0.22984927  0.18863310   -0.05646072 -0.03283507
  0.16771661 -0.03889912   -0.05646072 -0.03283507    0.20166745  0.19138305
    2    1
  0.20166745 -0.19138305    0.05646072 -0.03283507    0.16771661  0.03889912
  0.05646072 -0.03283507    0.22984927 -0.18863310   -0.05646072  0.03283507
  0.16771661  0.03889912   -0.05646072  0.03283507    0.20166745 -0.19138305
    2    2
  0.90638843  0.00000000   -0.06409262 -0.06338168   -0.07172083  0.00000000
 -0.06409262  0.06338168    1.15836398  0.00000000    0.06409262 -0.06338168
 -0.07172083  0.00000000    0.06409262  0.06338168    0.90638843  0.00000000

     Dynamical  Matrix in cartesian axes

     q = (   -0.750000000  -0.250000000  -0.750000000 ) 

    1    1
  0.90638843  0.00000000    0.06409262  0.06338168    0.07172083  0.00000000
  0.06409262 -0.06338168    1.15836398  0.00000000    0.06409262 -0.06338168
  0.07172083  0.00000000    0.06409262  0.06338168    0.90638843  0.00000000
    1    2
 -0.20166745  0.19138305    0.05646072 -0.03283507    0.16771661  0.03889912
  0.05646072 -0.03283507   -0.22984927  0.18863310    0.05646072 -0.03283507
  0.16771661  0.03889912    0.05646072 -0.03283507   -0.20166745  0.19138305
    2    1
 -0.20166745 -0.19138305    0.05646072  0.03283507    0.16771661 -0.03889912
  0.05646072  0.03283507   -0.22984927 -0.18863310    0.05646072  0.03283507
  0.16771661 -0.03889912    0.05646072  0.03283507   -0.20166745 -0.19138305
    2    2
  0.90638843  0.00000000    0.06409262 -0.06338168    0.07172083  0.00000000
  0.06409262  0.06338168    1.15836398  0.00000000    0.06409262  0.06338168
  0.07172083  0.00000000    0.06409262 -0.06338168    0.90638843  0.00000000

     Dynamical  Matrix in cartesian axes

     q = (   -0.750000000  -0.250000000   0.750000000 ) 

    1    1
  0.90638843  0.00000000    0.06409262 -0.06338168   -0.07172083  0.00000000
  0.06409262  0.06338168    1.15836398  0.00000000   -0.06409262 -0.06338168
 -0.07172083  0.00000000   -0.06409262  0.06338168    0.90638843  0.00000000
    1    2
 -0.19138305  0.20166745    0.03283507 -0.05646072    0.03889912  0.16771661
  0.03283507 -0.05646072   -0.18863310  0.22984927   -0.03283507  0.05646072
  0.03889912  0.16771661   -0.03283507  0.05646072   -0.19138305  0.20166745
    2    1
 -0.19138305 -0.20166745    0.03283507  0.05646072    0.03889912 -0.16771661
  0.03283507  0.05646072   -0.18863310 -0.22984927   -0.03283507 -0.05646072
  0.03889912 -0.16771661   -0.03283507 -0.05646072   -0.19138305 -0.20166745
    2    2
  0.90638843  0.00000000    0.06409262  0.06338168   -0.07172083  0.00000000
  0.06409262 -0.06338168    1.15836398  0.00000000   -0.06409262  0.06338168
 -0.07172083  0.00000000   -0.06409262 -0.06338168    0.90638843  0.00000000

     Dynamical  Matrix in cartesian axes

     q = (   -0.750000000   0.250000000  -0.750000000 ) 

    1    1
  0.90638843  0.00000000   -0.06409262  0.06338168    0.07172083  0.00000000
 -0.06409262 -0.06338168    1.15836398  0.00000000   -0.06409262 -0.06338168
  0.07172083  0.00000000   -0.06409262  0.06338168    0.90638843  0.00000000
    1    2
 -0.20166745 -0.19138305   -0.05646072 -0.03283507    0.16771661 -0.03889912
 -0.05646072 -0.03283507   -0.22984927 -0.18863310   -0.05646072 -0.03283507
  0.16771661 -0.03889912   -0.05646072 -0.03283507   -0.20166745 -0.19138305
    2    1
 -0.20166745  0.19138305   -0.05646072  0.03283507    0.16771661  0.03889912
 -0.05646072  0.03283507   -0.22984927  0.18863310   -0.05646072  0.03283507
  0.16771661  0.03889912   -0.05646072  0.03283507   -0.20166745  0.19138305
    2    2
  0.90638843  0.00000000   -0.06409262 -0.06338168    0.07172083  0.00000000
 -0.06409262  0.06338168    1.15836398  0.00000000   -0.06409262  0.06338168
  0.07172083  0.00000000   -0.06409262 -0.06338168    0.90638843  0.00000000

     Dynamical  Matrix in cartesian axes

     q = (   -0.250000000   0.750000000  -0.750000000 ) 

    1    1
  1.15836398  0.00000000   -0.06409262 -0.06338168    0.06409262  0.06338168
 -0.06409262  0.06338168    0.90638843  0.00000000   -0.07172083  0.00000000
  0.06409262 -0.06338168   -0.07172083  0.00000000    0.90638843  0.00000000
    1    2
 -0.22984927 -0.18863310   -0.05646072 -0.03283507    0.05646072  0.03283507
 -0.05646072 -0.03283507   -0.20166745 -0.19138305   -0.16771661  0.03889912
  0.05646072  0.03283507   -0.16771661  0.03889912   -0.20166745 -0.19138305
    2    1
 -0.22984927  0.18863310   -0.05646072  0.03283507    0.05646072 -0.03283507
 -0.05646072  0.03283507   -0.20166745  0.19138305   -0.16771661 -0.03889912
  0.05646072 -0.03283507   -0.16771661 -0.03889912   -0.20166745  0.19138305
    2    2
  1.15836398  0.00000000   -0.06409262  0.06338168    0.06409262 -0.06338168
 -0.06409262 -0.06338168    0.90638843  0.00000000   -0.07172083  0.00000000
  0.06409262  0.06338168   -0.07172083  0.00000000    0.90638843  0.00000000

     Dynamical  Matrix in cartesian axes

     q = (   -0.750000000   0.750000000  -0.250000000 ) 

    1    1
  0.90638843  0.00000000   -0.07172083  0.00000000    0.06409262 -0.06338168
 -0.07172083  0.00000000    0.90638843  0.00000000   -0.06409262  0.06338168
  0.06409262  0.06338168   -0.06409262 -0.06338168    1.15836398  0.00000000
    1    2
 -0.19138305  0.20166745    0.03889912  0.16771661    0.03283507 -0.05646072
  0.03889912  0.16771661   -0.19138305  0.20166745   -0.03283507  0.05646072
  0.03283507 -0.05646072   -0.03283507  0.05646072   -0.18863310  0.22984927
    2    1
 -0.19138305 -0.20166745    0.03889912 -0.16771661    0.03283507  0.05646072
  0.03889912 -0.16771661   -0.19138305 -0.20166745   -0.03283507 -0.05646072
  0.03283507  0.05646072   -0.03283507 -0.05646072   -0.18863310 -0.22984927
    2    2
  0.90638843  0.00000000   -0.07172083  0.00000000    0.06409262  0.06338168
 -0.07172083  0.00000000    0.90638843  0.00000000   -0.06409262 -0.06338168
  0.06409262 -0.06338168   -0.06409262  0.06338168    1.15836398  0.00000000

     Dynamical  Matrix in cartesian axes

     q = (    0.750000000   0.250000000   0.750000000 ) 

    1    1
  0.90638843  0.00000000    0.06409262 -0.06338168    0.07172083  0.00000000
  0.06409262  0.06338168    1.15836398  0.00000000    0.06409262  0.06338168
  0.07172083  0.00000000    0.06409262 -0.06338168    0.90638843  0.00000000
    1    2
 -0.20166745 -0.19138305    0.05646072  0.03283507    0.16771661 -0.03889912
  0.05646072  0.03283507   -0.22984927 -0.18863310    0.05646072  0.03283507
  0.16771661 -0.03889912    0.05646072  0.03283507   -0.20166745 -0.19138305
    2    1
 -0.20166745  0.19138305    0.05646072 -0.03283507    0.16771661  0.03889912
  0.05646072 -0.03283507   -0.22984927  0.18863310    0.05646072 -0.03283507
  0.16771661  0.03889912    0.05646072 -0.03283507   -0.20166745  0.19138305
    2    2
  0.90638843  0.00000000    0.06409262  0.06338168    0.07172083  0.00000000
  0.06409262 -0.06338168    1.15836398  0.00000000    0.06409262 -0.06338168
  0.07172083  0.00000000    0.06409262  0.06338168    0.90638843  0.00000000

     Dynamical  Matrix in cartesian axes

     q = (   -0.750000000   0.250000000   0.750000000 ) 

    1    1
  0.90638843  0.00000000   -0.06409262 -0.06338168   -0.07172083  0.00000000
 -0.06409262  0.06338168    1.15836398  0.00000000    0.06409262 -0.06338168
 -0.07172083  0.00000000    0.06409262  0.06338168    0.90638843  0.00000000
    1    2
  0.20166745 -0.19138305    0.05646072 -0.03283507    0.16771661  0.03889912
  0.05646072 -0.03283507    0.22984927 -0.18863310   -0.05646072  0.03283507
  0.16771661  0.03889912   -0.05646072  0.03283507    0.20166745 -0.19138305
    2    1
  0.20166745  0.19138305    0.05646072  0.03283507    0.16771661 -0.03889912
  0.05646072  0.03283507    0.22984927  0.18863310   -0.05646072 -0.03283507
  0.16771661 -0.03889912   -0.05646072 -0.03283507    0.20166745  0.19138305
    2    2
  0.90638843  0.00000000   -0.06409262  0.06338168   -0.07172083  0.00000000
 -0.06409262 -0.06338168    1.15836398  0.00000000    0.06409262  0.06338168
 -0.07172083  0.00000000    0.06409262 -0.06338168    0.90638843  0.00000000

     Dynamical  Matrix in cartesian axes

     q = (    0.750000000   0.250000000  -0.750000000 ) 

    1    1
  0.90638843  0.00000000    0.06409262  0.06338168   -0.07172083  0.00000000
  0.06409262 -0.06338168    1.15836398  0.00000000   -0.06409262  0.06338168
 -0.07172083  0.00000000   -0.06409262 -0.06338168    0.90638843  0.00000000
    1    2
 -0.19138305 -0.20166745    0.03283507  0.05646072    0.03889912 -0.16771661
  0.03283507  0.05646072   -0.18863310 -0.22984927   -0.03283507 -0.05646072
  0.03889912 -0.16771661   -0.03283507 -0.05646072   -0.19138305 -0.20166745
    2    1
 -0.19138305  0.20166745    0.03283507 -0.05646072    0.03889912  0.16771661
  0.03283507 -0.05646072   -0.18863310  0.22984927   -0.03283507  0.05646072
  0.03889912  0.16771661   -0.03283507  0.05646072   -0.19138305  0.20166745
    2    2
  0.90638843  0.00000000    0.06409262 -0.06338168   -0.07172083  0.00000000
  0.06409262  0.06338168    1.15836398  0.00000000   -0.06409262 -0.06338168
 -0.07172083  0.00000000   -0.06409262  0.06338168    0.90638843  0.00000000

     Dynamical  Matrix in cartesian axes

     q = (   -0.750000000   0.750000000   0.250000000 ) 

    1    1
  0.90638843  0.00000000   -0.07172083  0.00000000   -0.06409262 -0.06338168
 -0.07172083  0.00000000    0.90638843  0.00000000    0.06409262  0.06338168
 -0.06409262  0.06338168    0.06409262 -0.06338168    1.15836398  0.00000000
    1    2
  0.20166745 -0.19138305    0.16771661  0.03889912    0.05646072 -0.03283507
  0.16771661  0.03889912    0.20166745 -0.19138305   -0.05646072  0.03283507
  0.05646072 -0.03283507   -0.05646072  0.03283507    0.22984927 -0.18863310
    2    1
  0.20166745  0.19138305    0.16771661 -0.03889912    0.05646072  0.03283507
  0.16771661 -0.03889912    0.20166745  0.19138305   -0.05646072 -0.03283507
  0.05646072  0.03283507   -0.05646072 -0.03283507    0.22984927  0.18863310
    2    2
  0.90638843  0.00000000   -0.07172083  0.00000000   -0.06409262  0.06338168
 -0.07172083  0.00000000    0.90638843  0.00000000    0.06409262 -0.06338168
 -0.06409262 -0.06338168    0.06409262  0.06338168    1.15836398  0.00000000

     Dynamical  Matrix in cartesian axes

     q = (   -0.250000000   0.750000000   0.750000000 ) 

    1    1
  1.15836398  0.00000000   -0.06409262  0.06338168   -0.06409262  0.06338168
 -0.06409262 -0.06338168    0.90638843  0.00000000    0.07172083  0.00000000
 -0.06409262 -0.06338168    0.07172083  0.00000000    0.90638843  0.00000000
    1    2
  0.22984927 -0.18863310    0.05646072 -0.03283507    0.05646072 -0.03283507
  0.05646072 -0.03283507    0.20166745 -0.19138305   -0.16771661 -0.03889912
  0.05646072 -0.03283507   -0.16771661 -0.03889912    0.20166745 -0.19138305
    2    1
  0.22984927  0.18863310    0.05646072  0.03283507    0.05646072  0.03283507
  0.05646072  0.03283507    0.20166745  0.19138305   -0.16771661  0.03889912
  0.05646072  0.03283507   -0.16771661  0.03889912    0.20166745  0.19138305
    2    2
  1.15836398  0.00000000   -0.06409262 -0.06338168   -0.06409262 -0.06338168
 -0.06409262  0.06338168    0.90638843  0.00000000    0.07172083  0.00000000
 -0.06409262  0.06338168    0.07172083  0.00000000    0.90638843  0.00000000

     Dynamical  Matrix in cartesian axes

     q = (    0.250000000   0.750000000  -0.750000000 ) 

    1    1
  1.15836398  0.00000000    0.06409262 -0.06338168   -0.06409262  0.06338168
  0.06409262  0.06338168    0.90638843  0.00000000   -0.07172083  0.00000000
 -0.06409262 -0.06338168   -0.07172083  0.00000000    0.90638843  0.00000000
    1    2
 -0.22984927  0.18863310    0.05646072 -0.03283507   -0.05646072  0.03283507
  0.05646072 -0.03283507   -0.20166745  0.19138305   -0.16771661 -0.03889912
 -0.05646072  0.03283507   -0.16771661 -0.03889912   -0.20166745  0.19138305
    2    1
 -0.22984927 -0.18863310    0.05646072  0.03283507   -0.05646072 -0.03283507
  0.05646072  0.03283507   -0.20166745 -0.19138305   -0.16771661  0.03889912
 -0.05646072 -0.03283507   -0.16771661  0.03889912   -0.20166745 -0.19138305
    2    2
  1.15836398  0.00000000    0.06409262  0.06338168   -0.06409262 -0.06338168
  0.06409262 -0.06338168    0.90638843  0.00000000   -0.07172083  0.00000000
 -0.06409262  0.06338168   -0.07172083  0.00000000    0.90638843  0.00000000

     Dynamical  Matrix in cartesian axes

     q = (   -0.250000000  -0.750000000  -0.750000000 ) 

    1    1
  1.15836398  0.00000000    0.06409262 -0.06338168    0.06409262 -0.06338168
  0.06409262  0.06338168    0.90638843  0.00000000    0.07172083  0.00000000
  0.06409262  0.06338168    0.07172083  0.00000000    0.90638843  0.00000000
    1    2
 -0.18863310 -0.22984927    0.03283507  0.05646072    0.03283507  0.05646072
  0.03283507  0.05646072   -0.19138305 -0.20166745   -0.03889912  0.16771661
  0.03283507  0.05646072   -0.03889912  0.16771661   -0.19138305 -0.20166745
    2    1
 -0.18863310  0.22984927    0.03283507 -0.05646072    0.03283507 -0.05646072
  0.03283507 -0.05646072   -0.19138305  0.20166745   -0.03889912 -0.16771661
  0.03283507 -0.05646072   -0.03889912 -0.16771661   -0.19138305  0.20166745
    2    2
  1.15836398  0.00000000    0.06409262  0.06338168    0.06409262  0.06338168
  0.06409262 -0.06338168    0.90638843  0.00000000    0.07172083  0.00000000
  0.06409262 -0.06338168    0.07172083  0.00000000    0.90638843  0.00000000

     Dynamical  Matrix in cartesian axes

     q = (    0.750000000   0.750000000  -0.250000000 ) 

    1    1
  0.90638843  0.00000000    0.07172083  0.00000000   -0.06409262 -0.06338168
  0.07172083  0.00000000    0.90638843  0.00000000   -0.06409262 -0.06338168
 -0.06409262  0.06338168   -0.06409262  0.06338168    1.15836398  0.00000000
    1    2
 -0.20166745  0.19138305    0.16771661  0.03889912   -0.05646072  0.03283507
  0.16771661  0.03889912   -0.20166745  0.19138305   -0.05646072  0.03283507
 -0.05646072  0.03283507   -0.05646072  0.03283507   -0.22984927  0.18863310
    2    1
 -0.20166745 -0.19138305    0.16771661 -0.03889912   -0.05646072 -0.03283507
  0.16771661 -0.03889912   -0.20166745 -0.19138305   -0.05646072 -0.03283507
 -0.05646072 -0.03283507   -0.05646072 -0.03283507   -0.22984927 -0.18863310
    2    2
  0.90638843  0.00000000    0.07172083  0.00000000   -0.06409262  0.06338168
  0.07172083  0.00000000    0.90638843  0.00000000   -0.06409262  0.06338168
 -0.06409262 -0.06338168   -0.06409262 -0.06338168    1.15836398  0.00000000

     Dynamical  Matrix in cartesian axes

     q = (    0.750000000  -0.750000000   0.250000000 ) 

    1    1
  0.90638843  0.00000000   -0.07172083  0.00000000    0.06409262  0.06338168
 -0.07172083  0.00000000    0.90638843  0.00000000   -0.06409262 -0.06338168
  0.06409262 -0.06338168   -0.06409262  0.06338168    1.15836398  0.00000000
    1    2
 -0.19138305 -0.20166745    0.03889912 -0.16771661    0.03283507  0.05646072
  0.03889912 -0.16771661   -0.19138305 -0.20166745   -0.03283507 -0.05646072
  0.03283507  0.05646072   -0.03283507 -0.05646072   -0.18863310 -0.22984927
    2    1
 -0.19138305  0.20166745    0.03889912  0.16771661    0.03283507 -0.05646072
  0.03889912  0.16771661   -0.19138305  0.20166745   -0.03283507  0.05646072
  0.03283507 -0.05646072   -0.03283507  0.05646072   -0.18863310  0.22984927
    2    2
  0.90638843  0.00000000   -0.07172083  0.00000000    0.06409262 -0.06338168
 -0.07172083  0.00000000    0.90638843  0.00000000   -0.06409262  0.06338168
  0.06409262  0.06338168   -0.06409262 -0.06338168    1.15836398  0.00000000

     Dynamical  Matrix in cartesian axes

     q = (   -0.750000000  -0.750000000  -0.250000000 ) 

    1    1
  0.90638843  0.00000000    0.07172083  0.00000000    0.06409262  0.06338168
  0.07172083  0.00000000    0.90638843  0.00000000    0.06409262  0.06338168
  0.06409262 -0.06338168    0.06409262 -0.06338168    1.15836398  0.00000000
    1    2
 -0.20166745  0.19138305    0.16771661  0.03889912    0.05646072 -0.03283507
  0.16771661  0.03889912   -0.20166745  0.19138305    0.05646072 -0.03283507
  0.05646072 -0.03283507    0.05646072 -0.03283507   -0.22984927  0.18863310
    2    1
 -0.20166745 -0.19138305    0.16771661 -0.03889912    0.05646072  0.03283507
  0.16771661 -0.03889912   -0.20166745 -0.19138305    0.05646072  0.03283507
  0.05646072  0.03283507    0.05646072  0.03283507   -0.22984927 -0.18863310
    2    2
  0.90638843  0.00000000    0.07172083  0.00000000    0.06409262 -0.06338168
  0.07172083  0.00000000    0.90638843  0.00000000    0.06409262 -0.06338168
  0.06409262  0.06338168    0.06409262  0.06338168    1.15836398  0.00000000

     Dynamical  Matrix in cartesian axes

     q = (    0.250000000  -0.750000000   0.750000000 ) 

    1    1
  1.15836398  0.00000000   -0.06409262  0.06338168    0.06409262 -0.06338168
 -0.06409262 -0.06338168    0.90638843  0.00000000   -0.07172083  0.00000000
  0.06409262  0.06338168   -0.07172083  0.00000000    0.90638843  0.00000000
    1    2
 -0.22984927  0.18863310   -0.05646072  0.03283507    0.05646072 -0.03283507
 -0.05646072  0.03283507   -0.20166745  0.19138305   -0.16771661 -0.03889912
  0.05646072 -0.03283507   -0.16771661 -0.03889912   -0.20166745  0.19138305
    2    1
 -0.22984927 -0.18863310   -0.05646072 -0.03283507    0.05646072  0.03283507
 -0.05646072 -0.03283507   -0.20166745 -0.19138305   -0.16771661  0.03889912
  0.05646072  0.03283507   -0.16771661  0.03889912   -0.20166745 -0.19138305
    2    2
  1.15836398  0.00000000   -0.06409262 -0.06338168    0.06409262  0.06338168
 -0.06409262  0.06338168    0.90638843  0.00000000   -0.07172083  0.00000000
  0.06409262 -0.06338168   -0.07172083  0.00000000    0.90638843  0.00000000

     Dynamical  Matrix in cartesian axes

     q = (   -0.750000000  -0.750000000   0.250000000 ) 

    1    1
  0.90638843  0.00000000    0.07172083  0.00000000   -0.06409262  0.06338168
  0.07172083  0.00000000    0.90638843  0.00000000   -0.06409262  0.06338168
 -0.06409262 -0.06338168   -0.06409262 -0.06338168    1.15836398  0.00000000
    1    2
 -0.20166745 -0.19138305    0.16771661 -0.03889912   -0.05646072 -0.03283507
  0.16771661 -0.03889912   -0.20166745 -0.19138305   -0.05646072 -0.03283507
 -0.05646072 -0.03283507   -0.05646072 -0.03283507   -0.22984927 -0.18863310
    2    1
 -0.20166745  0.19138305    0.16771661  0.03889912   -0.05646072  0.03283507
  0.16771661  0.03889912   -0.20166745  0.19138305   -0.05646072  0.03283507
 -0.05646072  0.03283507   -0.05646072  0.03283507   -0.22984927  0.18863310
    2    2
  0.90638843  0.00000000    0.07172083  0.00000000   -0.06409262 -0.06338168
  0.07172083  0.00000000    0.90638843  0.00000000   -0.06409262 -0.06338168
 -0.06409262  0.06338168   -0.06409262  0.06338168    1.15836398  0.00000000

     Dynamical  Matrix in cartesian axes

     q = (    0.250000000   0.750000000   0.750000000 ) 

    1    1
  1.15836398  0.00000000    0.06409262  0.06338168    0.06409262  0.06338168
  0.06409262 -0.06338168    0.90638843  0.00000000    0.07172083  0.00000000
  0.06409262 -0.06338168    0.07172083  0.00000000    0.90638843  0.00000000
    1    2
 -0.18863310  0.22984927    0.03283507 -0.05646072    0.03283507 -0.05646072
  0.03283507 -0.05646072   -0.19138305  0.20166745   -0.03889912 -0.16771661
  0.03283507 -0.05646072   -0.03889912 -0.16771661   -0.19138305  0.20166745
    2    1
 -0.18863310 -0.22984927    0.03283507  0.05646072    0.03283507  0.05646072
  0.03283507  0.05646072   -0.19138305 -0.20166745   -0.03889912  0.16771661
  0.03283507  0.05646072   -0.03889912  0.16771661   -0.19138305 -0.20166745
    2    2
  1.15836398  0.00000000    0.06409262 -0.06338168    0.06409262 -0.06338168
  0.06409262  0.06338168    0.90638843  0.00000000    0.07172083  0.00000000
  0.06409262  0.06338168    0.07172083  0.00000000    0.90638843  0.00000000

     Dynamical  Matrix in cartesian axes

     q = (   -0.250000000  -0.750000000   0.750000000 ) 

    1    1
  1.15836398  0.00000000    0.06409262  0.06338168   -0.06409262 -0.06338168
  0.06409262 -0.06338168    0.90638843  0.00000000   -0.07172083  0.00000000
 -0.06409262  0.06338168   -0.07172083  0.00000000    0.90638843  0.00000000
    1    2
 -0.22984927 -0.18863310    0.05646072  0.03283507   -0.05646072 -0.03283507
  0.05646072  0.03283507   -0.20166745 -0.19138305   -0.16771661  0.03889912
 -0.05646072 -0.03283507   -0.16771661  0.03889912   -0.20166745 -0.19138305
    2    1
 -0.22984927  0.18863310    0.05646072 -0.03283507   -0.05646072  0.03283507
  0.05646072 -0.03283507   -0.20166745  0.19138305   -0.16771661 -0.03889912
 -0.05646072  0.03283507   -0.16771661 -0.03889912   -0.20166745  0.19138305
    2    2
  1.15836398  0.00000000    0.06409262 -0.06338168   -0.06409262  0.06338168
  0.06409262  0.06338168    0.90638843  0.00000000   -0.07172083  0.00000000
 -0.06409262 -0.06338168   -0.07172083  0.00000000    0.90638843  0.00000000

     Dynamical  Matrix in cartesian axes

     q = (    0.750000000   0.750000000   0.250000000 ) 

    1    1
  0.90638843  0.00000000    0.07172083  0.00000000    0.06409262 -0.06338168
  0.07172083  0.00000000    0.90638843  0.00000000    0.06409262 -0.06338168
  0.06409262  0.06338168    0.06409262  0.06338168    1.15836398  0.00000000
    1    2
 -0.20166745 -0.19138305    0.16771661 -0.03889912    0.05646072  0.03283507
  0.16771661 -0.03889912   -0.20166745 -0.19138305    0.05646072  0.03283507
  0.05646072  0.03283507    0.05646072  0.03283507   -0.22984927 -0.18863310
    2    1
 -0.20166745  0.19138305    0.16771661  0.03889912    0.05646072 -0.03283507
  0.16771661  0.03889912   -0.20166745  0.19138305    0.05646072 -0.03283507
  0.05646072 -0.03283507    0.05646072 -0.03283507   -0.22984927  0.18863310
    2    2
  0.90638843  0.00000000    0.07172083  0.00000000    0.06409262  0.06338168
  0.07172083  0.00000000    0.90638843  0.00000000    0.06409262  0.06338168
  0.06409262 -0.06338168    0.06409262 -0.06338168    1.15836398  0.00000000

     Dynamical  Matrix in cartesian axes

     q = (    0.250000000  -0.750000000  -0.750000000 ) 

    1    1
  1.15836398  0.00000000   -0.06409262 -0.06338168   -0.06409262 -0.06338168
 -0.06409262  0.06338168    0.90638843  0.00000000    0.07172083  0.00000000
 -0.06409262  0.06338168    0.07172083  0.00000000    0.90638843  0.00000000
    1    2
  0.22984927  0.18863310    0.05646072  0.03283507    0.05646072  0.03283507
  0.05646072  0.03283507    0.20166745  0.19138305   -0.16771661  0.03889912
  0.05646072  0.03283507   -0.16771661  0.03889912    0.20166745  0.19138305
    2    1
  0.22984927 -0.18863310    0.05646072 -0.03283507    0.05646072 -0.03283507
  0.05646072 -0.03283507    0.20166745 -0.19138305   -0.16771661 -0.03889912
  0.05646072 -0.03283507   -0.16771661 -0.03889912    0.20166745 -0.19138305
    2    2
  1.15836398  0.00000000   -0.06409262  0.06338168   -0.06409262  0.06338168
 -0.06409262 -0.06338168    0.90638843  0.00000000    0.07172083  0.00000000
 -0.06409262 -0.06338168    0.07172083  0.00000000    0.90638843  0.00000000

     Dynamical  Matrix in cartesian axes

     q = (    0.750000000  -0.750000000  -0.250000000 ) 

    1    1
  0.90638843  0.00000000   -0.07172083  0.00000000   -0.06409262  0.06338168
 -0.07172083  0.00000000    0.90638843  0.00000000    0.06409262 -0.06338168
 -0.06409262 -0.06338168    0.06409262  0.06338168    1.15836398  0.00000000
    1    2
  0.20166745  0.19138305    0.16771661 -0.03889912    0.05646072  0.03283507
  0.16771661 -0.03889912    0.20166745  0.19138305   -0.05646072 -0.03283507
  0.05646072  0.03283507   -0.05646072 -0.03283507    0.22984927  0.18863310
    2    1
  0.20166745 -0.19138305    0.16771661  0.03889912    0.05646072 -0.03283507
  0.16771661  0.03889912    0.20166745 -0.19138305   -0.05646072  0.03283507
  0.05646072 -0.03283507   -0.05646072  0.03283507    0.22984927 -0.18863310
    2    2
  0.90638843  0.00000000   -0.07172083  0.00000000   -0.06409262 -0.06338168
 -0.07172083  0.00000000    0.90638843  0.00000000    0.06409262  0.06338168
 -0.06409262  0.06338168    0.06409262 -0.06338168    1.15836398  0.00000000

     Diagonalizing the dynamical matrix

     q = (    0.750000000  -0.250000000   0.750000000 ) 

 **************************************************************************
     freq (    1) =      20.739312 [THz] =     691.788976 [cm-1]
 (  0.462169 -0.190786 -0.000000  0.000000 -0.462169  0.190786 ) 
 (  0.500000 -0.000000 -0.000000  0.000000 -0.500000  0.000000 ) 
     freq (    2) =      25.136425 [THz] =     838.460872 [cm-1]
 ( -0.219572  0.335727 -0.241588  0.346101 -0.219572  0.335727 ) 
 ( -0.401154  0.000000 -0.421886  0.012747 -0.401154  0.000000 ) 
     freq (    3) =      29.701887 [THz] =     990.748306 [cm-1]
 ( -0.279229 -0.214869 -0.032984  0.500636 -0.279229 -0.214869 ) 
 (  0.352332  0.000000 -0.279172  0.416878  0.352332  0.000000 ) 
     freq (    4) =      34.932845 [THz] =    1165.234292 [cm-1]
 (  0.462169 -0.190786  0.000000  0.000000 -0.462169  0.190786 ) 
 ( -0.500000  0.000000  0.000000  0.000000  0.500000  0.000000 ) 
     freq (    5) =      35.494226 [THz] =    1183.959953 [cm-1]
 ( -0.006740 -0.454811  0.195030  0.219466 -0.006740 -0.454811 ) 
 ( -0.454861  0.000000  0.222332  0.191757 -0.454861  0.000000 ) 
     freq (    6) =      38.087462 [THz] =    1270.460982 [cm-1]
 (  0.080672  0.039122  0.038133  0.694600  0.080672  0.039122 ) 
 (  0.089658 -0.000000  0.337396 -0.608348  0.089658  0.000000 ) 
 **************************************************************************
