Dynamical matrix file
phonons of GaAs                                                            
  2    2  2 10.4749400  0.0000000  0.0000000  0.0000000  0.0000000  0.0000000
           1  'Ga  '    63548.626894188434     
           2  'As  '    68286.860931337273     
    1    1      0.0000000000      0.0000000000      0.0000000000
    2    2     -0.2500000000      0.2500000000      0.2500000000

     Dynamical  Matrix in cartesian axes

     q = (   -0.250000000   0.250000000  -0.250000000 ) 

    1    1
  0.21809823  0.00000000   -0.02071573 -0.00000000    0.02071573  0.00000000
 -0.02071573 -0.00000000    0.21809823  0.00000000   -0.02071573 -0.00000000
  0.02071573  0.00000000   -0.02071573 -0.00000000    0.21809823  0.00000000
    1    2
 -0.16066138  0.05219833   -0.02720069 -0.03777687    0.02720069  0.03777687
 -0.02720069 -0.03777687   -0.16066138  0.05219833   -0.02720069 -0.03777687
  0.02720069  0.03777687   -0.02720069 -0.03777687   -0.16066138  0.05219833
    2    1
 -0.16066138 -0.05219833   -0.02720069  0.03777687    0.02720069 -0.03777687
 -0.02720069  0.03777687   -0.16066138 -0.05219833   -0.02720069  0.03777687
  0.02720069 -0.03777687   -0.02720069  0.03777687   -0.16066138 -0.05219833
    2    2
  0.22731752 -0.00000000   -0.01731287  0.00000000    0.01731287 -0.00000000
 -0.01731287  0.00000000    0.22731752 -0.00000000   -0.01731287  0.00000000
  0.01731287 -0.00000000   -0.01731287  0.00000000    0.22731752 -0.00000000

     Dynamical  Matrix in cartesian axes

     q = (    0.250000000  -0.250000000   0.250000000 ) 

    1    1
  0.21809823 -0.00000000   -0.02071573  0.00000000    0.02071573 -0.00000000
 -0.02071573  0.00000000    0.21809823 -0.00000000   -0.02071573  0.00000000
  0.02071573 -0.00000000   -0.02071573  0.00000000    0.21809823 -0.00000000
    1    2
 -0.16066138 -0.05219833   -0.02720069  0.03777687    0.02720069 -0.03777687
 -0.02720069  0.03777687   -0.16066138 -0.05219833   -0.02720069  0.03777687
  0.02720069 -0.03777687   -0.02720069  0.03777687   -0.16066138 -0.05219833
    2    1
 -0.16066138  0.05219833   -0.02720069 -0.03777687    0.02720069  0.03777687
 -0.02720069 -0.03777687   -0.16066138  0.05219833   -0.02720069 -0.03777687
  0.02720069  0.03777687   -0.02720069 -0.03777687   -0.16066138  0.05219833
    2    2
  0.22731752  0.00000000   -0.01731287 -0.00000000    0.01731287  0.00000000
 -0.01731287 -0.00000000    0.22731752  0.00000000   -0.01731287 -0.00000000
  0.01731287  0.00000000   -0.01731287 -0.00000000    0.22731752  0.00000000

     Dynamical  Matrix in cartesian axes

     q = (    0.250000000  -0.250000000  -0.250000000 ) 

    1    1
  0.21809823  0.00000000   -0.02071573 -0.00000000   -0.02071573 -0.00000000
 -0.02071573 -0.00000000    0.21809823  0.00000000    0.02071573  0.00000000
 -0.02071573 -0.00000000    0.02071573  0.00000000    0.21809823  0.00000000
    1    2
 -0.05219833 -0.16066138    0.03777687 -0.02720069    0.03777687 -0.02720069
  0.03777687 -0.02720069   -0.05219833 -0.16066138   -0.03777687  0.02720069
  0.03777687 -0.02720069   -0.03777687  0.02720069   -0.05219833 -0.16066138
    2    1
 -0.05219833  0.16066138    0.03777687  0.02720069    0.03777687  0.02720069
  0.03777687  0.02720069   -0.05219833  0.16066138   -0.03777687 -0.02720069
  0.03777687  0.02720069   -0.03777687 -0.02720069   -0.05219833  0.16066138
    2    2
  0.22731752 -0.00000000   -0.01731287  0.00000000   -0.01731287  0.00000000
 -0.01731287  0.00000000    0.22731752 -0.00000000    0.01731287 -0.00000000
 -0.01731287  0.00000000    0.01731287 -0.00000000    0.22731752 -0.00000000

     Dynamical  Matrix in cartesian axes

     q = (   -0.250000000   0.250000000   0.250000000 ) 

    1    1
  0.21809823 -0.00000000   -0.02071573  0.00000000   -0.02071573  0.00000000
 -0.02071573  0.00000000    0.21809823 -0.00000000    0.02071573 -0.00000000
 -0.02071573  0.00000000    0.02071573 -0.00000000    0.21809823 -0.00000000
    1    2
 -0.05219833  0.16066138    0.03777687  0.02720069    0.03777687  0.02720069
  0.03777687  0.02720069   -0.05219833  0.16066138   -0.03777687 -0.02720069
  0.03777687  0.02720069   -0.03777687 -0.02720069   -0.05219833  0.16066138
    2    1
 -0.05219833 -0.16066138    0.03777687 -0.02720069    0.03777687 -0.02720069
  0.03777687 -0.02720069   -0.05219833 -0.16066138   -0.03777687  0.02720069
  0.03777687 -0.02720069   -0.03777687  0.02720069   -0.05219833 -0.16066138
    2    2
  0.22731752  0.00000000   -0.01731287 -0.00000000   -0.01731287 -0.00000000
 -0.01731287 -0.00000000    0.22731752  0.00000000    0.01731287  0.00000000
 -0.01731287 -0.00000000    0.01731287  0.00000000    0.22731752  0.00000000

     Dynamical  Matrix in cartesian axes

     q = (   -0.250000000  -0.250000000   0.250000000 ) 

    1    1
  0.21809823  0.00000000    0.02071573  0.00000000   -0.02071573 -0.00000000
  0.02071573  0.00000000    0.21809823  0.00000000   -0.02071573 -0.00000000
 -0.02071573 -0.00000000   -0.02071573 -0.00000000    0.21809823  0.00000000
    1    2
 -0.16066138  0.05219833    0.02720069  0.03777687   -0.02720069 -0.03777687
  0.02720069  0.03777687   -0.16066138  0.05219833   -0.02720069 -0.03777687
 -0.02720069 -0.03777687   -0.02720069 -0.03777687   -0.16066138  0.05219833
    2    1
 -0.16066138 -0.05219833    0.02720069 -0.03777687   -0.02720069  0.03777687
  0.02720069 -0.03777687   -0.16066138 -0.05219833   -0.02720069  0.03777687
 -0.02720069  0.03777687   -0.02720069  0.03777687   -0.16066138 -0.05219833
    2    2
  0.22731752 -0.00000000    0.01731287 -0.00000000   -0.01731287  0.00000000
  0.01731287 -0.00000000    0.22731752 -0.00000000   -0.01731287  0.00000000
 -0.01731287  0.00000000   -0.01731287  0.00000000    0.22731752 -0.00000000

     Dynamical  Matrix in cartesian axes

     q = (    0.250000000   0.250000000  -0.250000000 ) 

    1    1
  0.21809823 -0.00000000    0.02071573 -0.00000000   -0.02071573  0.00000000
  0.02071573 -0.00000000    0.21809823 -0.00000000   -0.02071573  0.00000000
 -0.02071573  0.00000000   -0.02071573  0.00000000    0.21809823 -0.00000000
    1    2
 -0.16066138 -0.05219833    0.02720069 -0.03777687   -0.02720069  0.03777687
  0.02720069 -0.03777687   -0.16066138 -0.05219833   -0.02720069  0.03777687
 -0.02720069  0.03777687   -0.02720069  0.03777687   -0.16066138 -0.05219833
    2    1
 -0.16066138  0.05219833    0.02720069  0.03777687   -0.02720069 -0.03777687
  0.02720069  0.03777687   -0.16066138  0.05219833   -0.02720069 -0.03777687
 -0.02720069 -0.03777687   -0.02720069 -0.03777687   -0.16066138  0.05219833
    2    2
  0.22731752  0.00000000    0.01731287  0.00000000   -0.01731287 -0.00000000
  0.01731287  0.00000000    0.22731752  0.00000000   -0.01731287 -0.00000000
 -0.01731287 -0.00000000   -0.01731287 -0.00000000    0.22731752  0.00000000

     Dynamical  Matrix in cartesian axes

     q = (    0.250000000   0.250000000   0.250000000 ) 

    1    1
  0.21809823  0.00000000    0.02071573  0.00000000    0.02071573  0.00000000
  0.02071573  0.00000000    0.21809823  0.00000000    0.02071573  0.00000000
  0.02071573  0.00000000    0.02071573  0.00000000    0.21809823  0.00000000
    1    2
 -0.16066138  0.05219833    0.02720069  0.03777687    0.02720069  0.03777687
  0.02720069  0.03777687   -0.16066138  0.05219833    0.02720069  0.03777687
  0.02720069  0.03777687    0.02720069  0.03777687   -0.16066138  0.05219833
    2    1
 -0.16066138 -0.05219833    0.02720069 -0.03777687    0.02720069 -0.03777687
  0.02720069 -0.03777687   -0.16066138 -0.05219833    0.02720069 -0.03777687
  0.02720069 -0.03777687    0.02720069 -0.03777687   -0.16066138 -0.05219833
    2    2
  0.22731752 -0.00000000    0.01731287 -0.00000000    0.01731287 -0.00000000
  0.01731287 -0.00000000    0.22731752 -0.00000000    0.01731287 -0.00000000
  0.01731287 -0.00000000    0.01731287 -0.00000000    0.22731752 -0.00000000

     Dynamical  Matrix in cartesian axes

     q = (   -0.250000000  -0.250000000  -0.250000000 ) 

    1    1
  0.21809823 -0.00000000    0.02071573 -0.00000000    0.02071573 -0.00000000
  0.02071573 -0.00000000    0.21809823 -0.00000000    0.02071573 -0.00000000
  0.02071573 -0.00000000    0.02071573 -0.00000000    0.21809823 -0.00000000
    1    2
 -0.16066138 -0.05219833    0.02720069 -0.03777687    0.02720069 -0.03777687
  0.02720069 -0.03777687   -0.16066138 -0.05219833    0.02720069 -0.03777687
  0.02720069 -0.03777687    0.02720069 -0.03777687   -0.16066138 -0.05219833
    2    1
 -0.16066138  0.05219833    0.02720069  0.03777687    0.02720069  0.03777687
  0.02720069  0.03777687   -0.16066138  0.05219833    0.02720069  0.03777687
  0.02720069  0.03777687    0.02720069  0.03777687   -0.16066138  0.05219833
    2    2
  0.22731752  0.00000000    0.01731287  0.00000000    0.01731287  0.00000000
  0.01731287  0.00000000    0.22731752  0.00000000    0.01731287  0.00000000
  0.01731287  0.00000000    0.01731287  0.00000000    0.22731752  0.00000000

     Diagonalizing the dynamical matrix

     q = (   -0.250000000   0.250000000  -0.250000000 ) 

 **************************************************************************
     freq (    1) =       1.579288 [THz] =      52.679376 [cm-1]
 ( -0.343215  0.347485 -0.389129  0.351009 -0.045915  0.003525 ) 
 ( -0.357693  0.310548 -0.402355  0.310548 -0.044662  0.000000 ) 
     freq (    2) =       1.579288 [THz] =      52.679376 [cm-1]
 (  0.320152 -0.049886 -0.262435 -0.005163 -0.582587  0.044723 ) 
 (  0.313298 -0.024475 -0.253397 -0.024475 -0.566696  0.000000 ) 
     freq (    3) =       3.940162 [THz] =     131.429656 [cm-1]
 (  0.259337 -0.311790 -0.259337  0.311790  0.259337 -0.311790 ) 
 (  0.410931  0.000000 -0.410931 -0.000000  0.410931  0.000000 ) 
     freq (    4) =       8.025387 [THz] =     267.698100 [cm-1]
 (  0.510441 -0.151673  0.461289 -0.147900 -0.049152  0.003773 ) 
 ( -0.499483  0.107619 -0.452182  0.107619  0.047301  0.000000 ) 
     freq (    5) =       8.025387 [THz] =     267.698100 [cm-1]
 ( -0.251884  0.009891  0.333478 -0.035045  0.585362 -0.044936 ) 
 (  0.241706  0.009037 -0.321615  0.009037 -0.563321  0.000000 ) 
     freq (    6) =       8.378093 [THz] =     279.463117 [cm-1]
 (  0.271920 -0.326918 -0.271920  0.326918  0.271920 -0.326918 ) 
 ( -0.390535 -0.000000  0.390535  0.000000 -0.390535  0.000000 ) 
 **************************************************************************
