Dynamical matrix file
phonons of GaAs                                                            
  2    2  2 10.4749400  0.0000000  0.0000000  0.0000000  0.0000000  0.0000000
           1  'Ga  '    63548.626894188434     
           2  'As  '    68286.860931337273     
    1    1      0.0000000000      0.0000000000      0.0000000000
    2    2     -0.2500000000      0.2500000000      0.2500000000

     Dynamical  Matrix in cartesian axes

     q = (    0.500000000   0.000000000   0.500000000 ) 

    1    1
  0.19886157  0.00000000    0.00000000  0.01349913    0.01241172  0.00000000
  0.00000000 -0.01349913    0.21733608  0.00000000    0.00000000 -0.01349913
  0.01241172  0.00000000    0.00000000  0.01349913    0.19886157  0.00000000
    1    2
 -0.09948607  0.00000000   -0.00000000  0.06777949    0.06822576  0.00000000
  0.00000000  0.08375626   -0.11118989  0.00000000    0.00000000  0.08375626
  0.06822576  0.00000000   -0.00000000  0.06777949   -0.09948607  0.00000000
    2    1
 -0.09948607  0.00000000    0.00000000 -0.08375626    0.06822576  0.00000000
 -0.00000000 -0.06777949   -0.11118989  0.00000000   -0.00000000 -0.06777949
  0.06822576  0.00000000    0.00000000 -0.08375626   -0.09948607  0.00000000
    2    2
  0.23565050  0.00000000    0.00000000  0.01676540    0.02269838  0.00000000
  0.00000000 -0.01676540    0.24612797  0.00000000    0.00000000 -0.01676540
  0.02269838  0.00000000    0.00000000  0.01676540    0.23565050  0.00000000

     Dynamical  Matrix in cartesian axes

     q = (   -0.500000000   0.000000000  -0.500000000 ) 

    1    1
  0.19886157  0.00000000    0.00000000 -0.01349913    0.01241172  0.00000000
  0.00000000  0.01349913    0.21733608  0.00000000   -0.00000000  0.01349913
  0.01241172  0.00000000    0.00000000 -0.01349913    0.19886157  0.00000000
    1    2
 -0.09948607  0.00000000    0.00000000 -0.06777949    0.06822576  0.00000000
  0.00000000 -0.08375626   -0.11118989  0.00000000    0.00000000 -0.08375626
  0.06822576  0.00000000    0.00000000 -0.06777949   -0.09948607  0.00000000
    2    1
 -0.09948607  0.00000000    0.00000000  0.08375626    0.06822576  0.00000000
 -0.00000000  0.06777949   -0.11118989  0.00000000   -0.00000000  0.06777949
  0.06822576  0.00000000    0.00000000  0.08375626   -0.09948607  0.00000000
    2    2
  0.23565050  0.00000000    0.00000000 -0.01676540    0.02269838  0.00000000
  0.00000000  0.01676540    0.24612797  0.00000000    0.00000000  0.01676540
  0.02269838  0.00000000    0.00000000 -0.01676540    0.23565050  0.00000000

     Dynamical  Matrix in cartesian axes

     q = (    0.000000000  -0.500000000   0.500000000 ) 

    1    1
  0.21733608  0.00000000    0.00000000 -0.01349913   -0.00000000  0.01349913
  0.00000000  0.01349913    0.19886157  0.00000000   -0.01241172  0.00000000
 -0.00000000 -0.01349913   -0.01241172  0.00000000    0.19886157  0.00000000
    1    2
 -0.11118989  0.00000000    0.00000000  0.08375626   -0.00000000 -0.08375626
 -0.00000000  0.06777949   -0.09948607  0.00000000   -0.06822576  0.00000000
  0.00000000 -0.06777949   -0.06822576  0.00000000   -0.09948607  0.00000000
    2    1
 -0.11118989  0.00000000   -0.00000000 -0.06777949    0.00000000  0.06777949
  0.00000000 -0.08375626   -0.09948607  0.00000000   -0.06822576  0.00000000
  0.00000000  0.08375626   -0.06822576  0.00000000   -0.09948607  0.00000000
    2    2
  0.24612797  0.00000000    0.00000000 -0.01676540    0.00000000  0.01676540
  0.00000000  0.01676540    0.23565050  0.00000000   -0.02269838  0.00000000
  0.00000000 -0.01676540   -0.02269838  0.00000000    0.23565050  0.00000000

     Dynamical  Matrix in cartesian axes

     q = (   -0.500000000   0.000000000   0.500000000 ) 

    1    1
  0.19886157  0.00000000    0.00000000  0.01349913   -0.01241172  0.00000000
  0.00000000 -0.01349913    0.21733608  0.00000000   -0.00000000  0.01349913
 -0.01241172  0.00000000   -0.00000000 -0.01349913    0.19886157  0.00000000
    1    2
  0.00000000  0.09948607    0.06777949  0.00000000    0.00000000  0.06822576
  0.08375626  0.00000000    0.00000000  0.11118989   -0.08375626 -0.00000000
  0.00000000  0.06822576   -0.06777949 -0.00000000    0.00000000  0.09948607
    2    1
  0.00000000 -0.09948607    0.08375626  0.00000000   -0.00000000 -0.06822576
  0.06777949  0.00000000   -0.00000000 -0.11118989   -0.06777949  0.00000000
  0.00000000 -0.06822576   -0.08375626  0.00000000   -0.00000000 -0.09948607
    2    2
  0.23565050  0.00000000    0.00000000  0.01676540   -0.02269838  0.00000000
  0.00000000 -0.01676540    0.24612797  0.00000000    0.00000000  0.01676540
 -0.02269838  0.00000000    0.00000000 -0.01676540    0.23565050  0.00000000

     Dynamical  Matrix in cartesian axes

     q = (    0.500000000   0.000000000  -0.500000000 ) 

    1    1
  0.19886157  0.00000000   -0.00000000 -0.01349913   -0.01241172  0.00000000
  0.00000000  0.01349913    0.21733608  0.00000000    0.00000000 -0.01349913
 -0.01241172  0.00000000    0.00000000  0.01349913    0.19886157  0.00000000
    1    2
  0.00000000 -0.09948607    0.06777949  0.00000000    0.00000000 -0.06822576
  0.08375626  0.00000000    0.00000000 -0.11118989   -0.08375626 -0.00000000
  0.00000000 -0.06822576   -0.06777949  0.00000000    0.00000000 -0.09948607
    2    1
  0.00000000  0.09948607    0.08375626  0.00000000   -0.00000000  0.06822576
  0.06777949  0.00000000   -0.00000000  0.11118989   -0.06777949  0.00000000
  0.00000000  0.06822576   -0.08375626  0.00000000   -0.00000000  0.09948607
    2    2
  0.23565050  0.00000000    0.00000000 -0.01676540   -0.02269838  0.00000000
  0.00000000  0.01676540    0.24612797  0.00000000    0.00000000 -0.01676540
 -0.02269838  0.00000000    0.00000000  0.01676540    0.23565050  0.00000000

     Dynamical  Matrix in cartesian axes

     q = (    0.500000000   0.500000000   0.000000000 ) 

    1    1
  0.19886157  0.00000000    0.01241172  0.00000000    0.00000000  0.01349913
  0.01241172  0.00000000    0.19886157  0.00000000    0.00000000  0.01349913
  0.00000000 -0.01349913    0.00000000 -0.01349913    0.21733608  0.00000000
    1    2
 -0.09948607  0.00000000    0.06822576  0.00000000    0.00000000  0.06777949
  0.06822576  0.00000000   -0.09948607  0.00000000    0.00000000  0.06777949
  0.00000000  0.08375626   -0.00000000  0.08375626   -0.11118989  0.00000000
    2    1
 -0.09948607  0.00000000    0.06822576  0.00000000    0.00000000 -0.08375626
  0.06822576  0.00000000   -0.09948607  0.00000000    0.00000000 -0.08375626
  0.00000000 -0.06777949    0.00000000 -0.06777949   -0.11118989  0.00000000
    2    2
  0.23565050  0.00000000    0.02269838  0.00000000    0.00000000  0.01676540
  0.02269838  0.00000000    0.23565050  0.00000000    0.00000000  0.01676540
 -0.00000000 -0.01676540    0.00000000 -0.01676540    0.24612797  0.00000000

     Dynamical  Matrix in cartesian axes

     q = (   -0.500000000  -0.500000000   0.000000000 ) 

    1    1
  0.19886157  0.00000000    0.01241172  0.00000000   -0.00000000 -0.01349913
  0.01241172  0.00000000    0.19886157  0.00000000   -0.00000000 -0.01349913
 -0.00000000  0.01349913   -0.00000000  0.01349913    0.21733608  0.00000000
    1    2
 -0.09948607  0.00000000    0.06822576  0.00000000    0.00000000 -0.06777949
  0.06822576  0.00000000   -0.09948607  0.00000000    0.00000000 -0.06777949
  0.00000000 -0.08375626   -0.00000000 -0.08375626   -0.11118989  0.00000000
    2    1
 -0.09948607  0.00000000    0.06822576  0.00000000    0.00000000  0.08375626
  0.06822576  0.00000000   -0.09948607  0.00000000    0.00000000  0.08375626
  0.00000000  0.06777949    0.00000000  0.06777949   -0.11118989  0.00000000
    2    2
  0.23565050  0.00000000    0.02269838  0.00000000    0.00000000 -0.01676540
  0.02269838  0.00000000    0.23565050  0.00000000    0.00000000 -0.01676540
 -0.00000000  0.01676540    0.00000000  0.01676540    0.24612797  0.00000000

     Dynamical  Matrix in cartesian axes

     q = (   -0.500000000   0.500000000   0.000000000 ) 

    1    1
  0.19886157  0.00000000   -0.01241172  0.00000000    0.00000000  0.01349913
 -0.01241172  0.00000000    0.19886157  0.00000000   -0.00000000 -0.01349913
  0.00000000 -0.01349913   -0.00000000  0.01349913    0.21733608  0.00000000
    1    2
  0.00000000  0.09948607   -0.00000000  0.06822576    0.06777949  0.00000000
  0.00000000  0.06822576   -0.00000000  0.09948607   -0.06777949 -0.00000000
  0.08375626  0.00000000   -0.08375626 -0.00000000   -0.00000000  0.11118989
    2    1
  0.00000000 -0.09948607    0.00000000 -0.06822576    0.08375626 -0.00000000
  0.00000000 -0.06822576    0.00000000 -0.09948607   -0.08375626 -0.00000000
  0.06777949  0.00000000   -0.06777949  0.00000000    0.00000000 -0.11118989
    2    2
  0.23565050  0.00000000   -0.02269838  0.00000000    0.00000000  0.01676540
 -0.02269838  0.00000000    0.23565050  0.00000000    0.00000000 -0.01676540
  0.00000000 -0.01676540    0.00000000  0.01676540    0.24612797  0.00000000

     Dynamical  Matrix in cartesian axes

     q = (    0.000000000   0.500000000   0.500000000 ) 

    1    1
  0.21733608  0.00000000    0.00000000 -0.01349913    0.00000000 -0.01349913
  0.00000000  0.01349913    0.19886157  0.00000000    0.01241172  0.00000000
  0.00000000  0.01349913    0.01241172  0.00000000    0.19886157  0.00000000
    1    2
  0.00000000  0.11118989    0.08375626  0.00000000    0.08375626  0.00000000
  0.06777949  0.00000000   -0.00000000  0.09948607   -0.00000000 -0.06822576
  0.06777949  0.00000000    0.00000000 -0.06822576    0.00000000  0.09948607
    2    1
  0.00000000 -0.11118989    0.06777949  0.00000000    0.06777949 -0.00000000
  0.08375626  0.00000000    0.00000000 -0.09948607    0.00000000  0.06822576
  0.08375626 -0.00000000   -0.00000000  0.06822576   -0.00000000 -0.09948607
    2    2
  0.24612797  0.00000000    0.00000000 -0.01676540    0.00000000 -0.01676540
  0.00000000  0.01676540    0.23565050  0.00000000    0.02269838  0.00000000
  0.00000000  0.01676540    0.02269838  0.00000000    0.23565050  0.00000000

     Dynamical  Matrix in cartesian axes

     q = (    0.000000000   0.500000000  -0.500000000 ) 

    1    1
  0.21733608  0.00000000   -0.00000000  0.01349913    0.00000000 -0.01349913
  0.00000000 -0.01349913    0.19886157  0.00000000   -0.01241172  0.00000000
  0.00000000  0.01349913   -0.01241172  0.00000000    0.19886157  0.00000000
    1    2
 -0.11118989  0.00000000    0.00000000 -0.08375626   -0.00000000  0.08375626
  0.00000000 -0.06777949   -0.09948607  0.00000000   -0.06822576  0.00000000
  0.00000000  0.06777949   -0.06822576  0.00000000   -0.09948607  0.00000000
    2    1
 -0.11118989  0.00000000   -0.00000000  0.06777949    0.00000000 -0.06777949
  0.00000000  0.08375626   -0.09948607  0.00000000   -0.06822576  0.00000000
  0.00000000 -0.08375626   -0.06822576  0.00000000   -0.09948607  0.00000000
    2    2
  0.24612797  0.00000000    0.00000000  0.01676540    0.00000000 -0.01676540
  0.00000000 -0.01676540    0.23565050  0.00000000   -0.02269838  0.00000000
  0.00000000  0.01676540   -0.02269838  0.00000000    0.23565050  0.00000000

     Dynamical  Matrix in cartesian axes

     q = (    0.000000000  -0.500000000  -0.500000000 ) 

    1    1
  0.21733608  0.00000000   -0.00000000  0.01349913   -0.00000000  0.01349913
  0.00000000 -0.01349913    0.19886157  0.00000000    0.01241172  0.00000000
 -0.00000000 -0.01349913    0.01241172  0.00000000    0.19886157  0.00000000
    1    2
  0.00000000 -0.11118989    0.08375626  0.00000000    0.08375626  0.00000000
  0.06777949  0.00000000   -0.00000000 -0.09948607   -0.00000000  0.06822576
  0.06777949  0.00000000    0.00000000  0.06822576    0.00000000 -0.09948607
    2    1
  0.00000000  0.11118989    0.06777949 -0.00000000    0.06777949  0.00000000
  0.08375626 -0.00000000    0.00000000  0.09948607    0.00000000 -0.06822576
  0.08375626  0.00000000   -0.00000000 -0.06822576   -0.00000000  0.09948607
    2    2
  0.24612797  0.00000000    0.00000000  0.01676540    0.00000000  0.01676540
  0.00000000 -0.01676540    0.23565050  0.00000000    0.02269838  0.00000000
  0.00000000 -0.01676540    0.02269838  0.00000000    0.23565050  0.00000000

     Dynamical  Matrix in cartesian axes

     q = (    0.500000000  -0.500000000   0.000000000 ) 

    1    1
  0.19886157  0.00000000   -0.01241172  0.00000000   -0.00000000 -0.01349913
 -0.01241172  0.00000000    0.19886157  0.00000000    0.00000000  0.01349913
  0.00000000  0.01349913    0.00000000 -0.01349913    0.21733608  0.00000000
    1    2
  0.00000000 -0.09948607   -0.00000000 -0.06822576    0.06777949  0.00000000
  0.00000000 -0.06822576   -0.00000000 -0.09948607   -0.06777949 -0.00000000
  0.08375626  0.00000000   -0.08375626 -0.00000000   -0.00000000 -0.11118989
    2    1
  0.00000000  0.09948607    0.00000000  0.06822576    0.08375626  0.00000000
  0.00000000  0.06822576    0.00000000  0.09948607   -0.08375626  0.00000000
  0.06777949 -0.00000000   -0.06777949 -0.00000000    0.00000000  0.11118989
    2    2
  0.23565050  0.00000000   -0.02269838  0.00000000    0.00000000 -0.01676540
 -0.02269838  0.00000000    0.23565050  0.00000000    0.00000000  0.01676540
  0.00000000  0.01676540    0.00000000 -0.01676540    0.24612797  0.00000000

     Diagonalizing the dynamical matrix

     q = (    0.500000000   0.000000000   0.500000000 ) 

 **************************************************************************
     freq (    1) =       2.276079 [THz] =      75.921818 [cm-1]
 (  0.517702  0.000000 -0.000000  0.000000 -0.517702  0.000000 ) 
 (  0.481648 -0.000000 -0.000000  0.000000 -0.481648  0.000000 ) 
     freq (    2) =       3.203277 [THz] =     106.849824 [cm-1]
 ( -0.279225  0.000000 -0.000000 -0.660813 -0.279225  0.000000 ) 
 (  0.190693 -0.000000 -0.000000 -0.578502  0.190693  0.000000 ) 
     freq (    3) =       4.856724 [THz] =     162.002873 [cm-1]
 ( -0.419852  0.000000 -0.000000  0.371636 -0.419852  0.000000 ) 
 ( -0.452428 -0.000000 -0.000000 -0.316152 -0.452428  0.000000 ) 
     freq (    4) =       7.172146 [THz] =     239.237029 [cm-1]
 ( -0.505720 -0.000000 -0.000000  0.170759 -0.505720 -0.000000 ) 
 (  0.330555  0.000000 -0.000000  0.490718  0.330555  0.000000 ) 
     freq (    5) =       7.766959 [THz] =     259.077872 [cm-1]
 (  0.499931  0.000000  0.000000 -0.000000 -0.499931 -0.000000 ) 
 ( -0.500069 -0.000000  0.000000  0.000000  0.500069  0.000000 ) 
     freq (    6) =       8.225888 [THz] =     274.386098 [cm-1]
 (  0.086719 -0.000000 -0.000000  0.657306  0.086719  0.000000 ) 
 (  0.363877  0.000000  0.000000 -0.536745  0.363877  0.000000 ) 
 **************************************************************************
